58
118
178
238
298
358
418
478
538
598
658
718
778
838
898
958
1018
1078
1138
1198
1258
1318
1378
1438
1498
1558
1618
1678
1738
1798
1858
1918
1978
2038
2098
2158
2218
2278
2338
2398
2458
2518
2578
2638
2698
2758
2818
2878
2938
2998
3058
3118
3178
3238
3298
3358
3418
3478
3538
3598
3658
3718
3778
3838
3898
3958
4018
4078
4138
4198
4258
4318
4378
4438
4498
4558
4618
4678
4738
4798
4858
4918
4978
5038
5098
5158
5218
5278
5338
5398
5458
5518
5578
5638
5698
5758
5818
5878
5938
5998
6058
6118
6178
6238
6298
6358
6418
6478
6538
6598
6658
6718
6778
6838
6898
6958
7018
7078
7138
7198
7258
7318
7378
7438
7498
7558
7618
7678
7738
7798
7858
7918
7978
8038
8098
8158
8218
8278
8338
8398
8458
8518
8578
8638
8698
8758
8818
8878
8938
8998
9058
9118
9178
9238
9298
9358
9418
9478
9538
9598
9658
9718
9778
9838
9898
9958
10018
10078
10138
10198
10258
10318
10378
10438
10498
10558
10618
10678
10738
10798
10858
10918
10978
11038
11098
11158
11218
11278
11338
11398
11458
11518
11578
11638
11698
11758
11818
11878
11938
11998
12058
12118
12178
12238
12298
12358
12418
12478
12538
12598
12658
12718
12778
12838
12898
12958
13018
13078
13138
13198
13258
13318
13378
13438
13498
13558
13618
13678
13738
13798
13858
13918
13978
14038
14098
14158
14218
14278
14338
14398
14458
14518
14578
14638
14698
14758
14818
14878
14938
14998
15058
15118
15178
15238
15298
15358
15418
15478
15538
15598
15658
15718
15778
15838
15898
15958
16018
16078
16138
16198
16258
16318
16378
16438
16498
16558
16618
16678
16738
16798
16858
16918
16978
17038
17098
17158
17218
17278
17338
17398
17458
17518
17578
17638
17698
17758
17818
17878
17938
17998
18058
18118
18178
18238
18298
18358
18418
18478
18538
18598
18658
18718
18778
18838
18898
18958
19018
19078
19138
19198
19258
19318
19378
19438
19498
19558
19618
19678
19738
19798
19858
19918
19978
20038
20098
20158
20218
20278
20338
20398
20458
20518
20578
20638
20698
20758
20818
20878
20938
20998
21058
21118
21178
21238
21298
21358
21418
21478
21538
21598
21658
21718
21778
21838
21898
21958
22018
22078
22138
22198
22258
22318
22378
22438
22498
22558
22618
22678
22738
22798
22858
22918
22978
23038
23098
23158
23218
23278
23338
23398
23458
23518
23578
23638
23698
23758
23818
23878
23938
23998
24058
24118
24178
24238
24298
24358
24418
24478
24538
24598
24658
24718
24778
24838
24898
24958
25018
25078
25138
25198
25258
25318
25378
25438
25498
25558
25618
25678
25738
25798
25858
25918
25978
26038
26098
26158
26218
26278
26338
26398
26458
26518
26578
26638
26698
26758
26818
26878
26938
26998
27058
27118
27178
27238
27298
27358
27418
27478
27538
27598
27658
27718
27778
27838
27898
27958
28018
28078
28138
28198
28258
28318
28378
28438
28498
28558
28618
28678
28738
28798
28858
28918
28978
29038
29098
29158
29218
29278
29338
29398
29458
29518
29578
29638
29698
29758
29818
29878
29938
29998
30058
30118
30178
30238
30298
30358
30418
30478
30538
30598
30658
30718
30778
30838
30898
30958
31018
31078
31138
31198
31258
31318
31378
31438
31498
31558
31618
31678
31738
31798
31858
31918
31978
32038
32098
32158
32218
32278
32338
32398
32458
32518
32578
32638
32698
32758
32818
32878
32938
32998
33058
33118
33178
33238
33298
33358
33418
33478
33538
33598
33658
33718
33778
33838
33898
33958
34018
34078
34138
34198
34258
34318
34378
34438
34498
34558
34618
34678
34738
34798
34858
34918
34978
35038
35098
35158
35218
35278
35338
35398
35458
35518
35578
35638
35698
35758
35818
35878
35938
35998
36058
36118
36178
36238
36298
36358
36418
36478
36538
36598
36658
36718
36778
36838
36898
36958
37018
37078
37138
37198
37258
37318
37378
37438
37498
37558
37618
37678
37738
37798
37858
37918
37978
38038
38098
38158
38218
38278
38338
38398
38458
38518
38578
38638
38698
38758
38818
38878
38938
38998
39058
39118
39178
39238
39298
39358
39418
39478
39538
39598
39658
39718
39778
39838
39898
39958
40018
40078
40138
40198
40258
40318
40378
40438
40498
40558
40618
40678
40738
40798
40858
40918
40978
41038
41098
41158
41218
41278
41338
41398
41458
41518
41578
41638
41698
41758
41818
41878
41938
41998
42058
42118
42178
42238
42298
42358
42418
42478
42538
42598
42658
42718
42778
42838
42898
42958
43018
43078
43138
43198
43258
43318
43378
43438
43498
43558
43618
43678
43738
43798
43858
43918
43978
44038
44098
44158
44218
44278
44338
44398
44458
44518
44578
44638
44698
44758
44818
44878
44938
44998
45058
45118
45178
45238
45298
45358
45418
45478
45538
45598
45658
45718
45778
45838
45898
45958
46018
46078
46138
46198
46258
46318
46378
46438
46498
46558
46618
46678
46738
46798
46858
46918
46978
47038
47098
47158
47218
47278
47338
47398
47458
47518
47578
47638
47698
47758
47818
47878
47938
47998
48058
48118
48178
48238
48298
48358
48418
48478
48538
48598
48658
48718
48778
48838
48898
48958
49018
49078
49138
49198
49258
49318
49378
49438
49498
49558
49618
49678
49738
49798
49858
49918
49978
50038
50098
50158
50218
50278
50338
50398
50458
50518
50578
50638
50698
50758
50818
50878
50938
50998
51058
51118
51178
51238
51298
51358
51418
51478
51538
51598
51658
51718
51778
51838
51898
51958
52018
52078
52138
52198
52258
52318
52378
52438
52498
52558
52618
52678
52738
52798
52858
52918
52978
53038
53098
53158
53218
53278
53338
53398
53458
53518
53578
53638
53698
53758
53818
53878
53938
53998
54058
54118
54178
54238
54298
54358
54418
54478
54538
54598
54658
54718
54778
54838
54898
54958
55018
55078
55138
55198
55258
55318
55378
55438
55498
55558
55618
55678
55738
55798
55858
55918
55978
56038
56098
56158
56218
56278
56338
56398
56458
56518
56578
56638
56698
56758
56818
56878
56938
56998
57058
57118
57178
57238
57298
57358
57418
57478
57538
57598
57658
57718
57778
57838
57898
57958
58018
58078
58138
58198
58258
58318
58378
58438
58498
58558
58618
58678
58738
58798
58858
58918
58978
59038
59098
59158
59218
59278
59338
59398
59458
59518
59578
59638
59698
59758
59818
59878
59938
59998
60058
60118
60178
60238
60298
60358
60418
60478
60538
60598
60658
60718
60778
60838
60898
60958
61018
61078
61138
61198
61258
61318
61378
61438
61498
61558
61618
61678
61738
61798
61858
61918
61978
62038
62098
62158
62218
62278
62338
62398
62458
62518
62578
62638
62698
62758
62818
62878
62938
62998
63058
63118
63178
63238
63298
63358
63418
63478
63538
63598
63658
63718
63778
63838
63898
63958
64018
64078
64138
64198
64258
64318
64378
64438
64498
64558
64618
64678
64738
64798
64858
64918
64978
65038
65098
65158
65218
65278
65338
65398
65458
65518
